fecha	objective	metric	first_metric_only	boost_from_average	feature_pre_filter	verbosity	max_depth	min_gain_to_split	lambda_l1	lambda_l2	max_bin	num_iterations	force_row_wise	seed	learning_rate	feature_fraction	min_data_in_leaf	num_leaves	envios	ganancia	iteracion
20220929 030001	binary	custom	TRUE	TRUE	FALSE	-100	-1	0	0	0	31	62	TRUE	954011	0.131068219171022	0.489299949435517	2978	812	14339	24050000	1
20220929 030021	binary	custom	TRUE	TRUE	FALSE	-100	-1	0	0	0	31	56	TRUE	954011	0.237950733980513	0.343254848429933	3955	151	11648	25190000	2
20220929 030048	binary	custom	TRUE	TRUE	FALSE	-100	-1	0	0	0	31	148	TRUE	954011	0.0963461361922673	0.685211192779243	7940	913	7998	26410000	3
20220929 030109	binary	custom	TRUE	TRUE	FALSE	-100	-1	0	0	0	31	109	TRUE	954011	0.184358585485315	0.663970978297293	4395	662	10269	25390000	4
20220929 030121	binary	custom	TRUE	TRUE	FALSE	-100	-1	0	0	0	31	26	TRUE	954011	0.292891176062287	0.40121968343854	5568	414	6278	25450000	5
20220929 030131	binary	custom	TRUE	TRUE	FALSE	-100	-1	0	0	0	31	23	TRUE	954011	0.281163965018874	0.741421097116545	6472	363	12398	24170000	6
20220929 030204	binary	custom	TRUE	TRUE	FALSE	-100	-1	0	0	0	31	100	TRUE	954011	0.119629803536925	0.530472326995805	3453	509	6891	25820000	7
20220929 030246	binary	custom	TRUE	TRUE	FALSE	-100	-1	0	0	0	31	118	TRUE	954011	0.072798037546745	0.362782210968435	2617	765	11032	26420000	8
20220929 030844	binary	custom	TRUE	TRUE	FALSE	-100	-1	0	0	0	31	2068	TRUE	954011	0.00510671730642207	0.802208666382358	1870	220	12856	25570000	9
20220929 030858	binary	custom	TRUE	TRUE	FALSE	-100	-1	0	0	0	31	23	TRUE	954011	0.17857875733386	0.563080238094553	2141	32	5855	24690000	10
20220929 030919	binary	custom	TRUE	TRUE	FALSE	-100	-1	0	0	0	31	84	TRUE	954011	0.16527593208116	0.95827985313721	4642	311	9908	26590000	11
20220929 030933	binary	custom	TRUE	TRUE	FALSE	-100	-1	0	0	0	31	31	TRUE	954011	0.219679985099181	0.860091982660815	1301	705	10990	24900000	12
20220929 030959	binary	custom	TRUE	TRUE	FALSE	-100	-1	0	0	0	31	104	TRUE	954011	0.242609626282065	0.270052552185953	1065	524	9446	25190000	13
20220929 031043	binary	custom	TRUE	TRUE	FALSE	-100	-1	0	0	0	31	296	TRUE	954011	0.0386002080772887	0.976394982002676	6281	940	14589	23550000	14
20220929 031118	binary	custom	TRUE	TRUE	FALSE	-100	-1	0	0	0	31	195	TRUE	954011	0.0805933824938256	0.44727130995132	6935	424	13426	24430000	15
20220929 031150	binary	custom	TRUE	TRUE	FALSE	-100	-1	0	0	0	31	149	TRUE	954011	0.0575426610423019	0.217518642339855	4955	1006	7432	25860000	16
20220929 031416	binary	custom	TRUE	TRUE	FALSE	-100	-1	0	0	0	31	113	TRUE	954011	0.0201628975106287	0.890282159065828	280	604	8277	26650000	17
20220929 031433	binary	custom	TRUE	TRUE	FALSE	-100	-1	0	0	0	31	42	TRUE	954011	0.140705859939044	0.287315271310508	5622	196	5063	23080000	18
20220929 031445	binary	custom	TRUE	TRUE	FALSE	-100	-1	0	0	0	31	31	TRUE	954011	0.268577906057704	0.791579623995349	7376	832	8668	24670000	19
20220929 031457	binary	custom	TRUE	TRUE	FALSE	-100	-1	0	0	0	31	13	TRUE	954011	0.200822338981554	0.600533917173743	527	79	13737	22130000	20
20220929 031528	binary	custom	TRUE	TRUE	FALSE	-100	-1	0	0	0	31	132	TRUE	954011	0.0751395966051344	0.997830645093875	3557	234	9489	25750000	21
20220929 031616	binary	custom	TRUE	TRUE	FALSE	-100	-1	0	0	0	31	157	TRUE	954011	0.0509427022705826	0.63345808773923	2216	799	8301	2.7e+07	22
20220929 031817	binary	custom	TRUE	TRUE	FALSE	-100	-1	0	0	0	31	337	TRUE	954011	0.0197293708823264	0.516069409509373	1443	709	9099	27090000	23
20220929 032034	binary	custom	TRUE	TRUE	FALSE	-100	-1	0	0	0	31	384	TRUE	954011	0.0488234761845901	0.498989260630286	2	777	8778	24450000	24
20220929 032101	binary	custom	TRUE	TRUE	FALSE	-100	-1	0	0	0	31	82	TRUE	954011	0.054473217333412	0.525157210426778	7241	458	7322	25040000	25
20220929 032128	binary	custom	TRUE	TRUE	FALSE	-100	-1	0	0	0	31	143	TRUE	954011	0.101407100628325	0.691757722190581	4042	945	7764	2.6e+07	26
20220929 032323	binary	custom	TRUE	TRUE	FALSE	-100	-1	0	0	0	31	388	TRUE	954011	0.0123001421306382	0.530427547171735	2456	694	7112	25940000	27
20220929 032414	binary	custom	TRUE	TRUE	FALSE	-100	-1	0	0	0	31	170	TRUE	954011	0.0745569888370251	0.791761542964168	549	629	6782	26200000	28
20220929 032429	binary	custom	TRUE	TRUE	FALSE	-100	-1	0	0	0	31	40	TRUE	954011	0.242249927013621	0.358291926038265	3102	288	13150	23940000	29
20220929 032619	binary	custom	TRUE	TRUE	FALSE	-100	-1	0	0	0	31	721	TRUE	954011	0.0192992002028475	0.792046939040518	2198	719	8384	26520000	30
20220929 032722	binary	custom	TRUE	TRUE	FALSE	-100	-1	0	0	0	31	270	TRUE	954011	0.036642433555025	0.841515758047586	1342	756	8096	26530000	31
20220929 032758	binary	custom	TRUE	TRUE	FALSE	-100	-1	0	0	0	31	112	TRUE	954011	0.0480386455397993	0.440344908456251	1822	767	9298	26930000	32
20220929 032930	binary	custom	TRUE	TRUE	FALSE	-100	-1	0	0	0	31	333	TRUE	954011	0.0150047184223959	0.556798759711487	2353	695	9212	26540000	33
20220929 033040	binary	custom	TRUE	TRUE	FALSE	-100	-1	0	0	0	31	304	TRUE	954011	0.0245610181414012	0.598815761921264	1685	975	9574	26620000	34
20220929 033136	binary	custom	TRUE	TRUE	FALSE	-100	-1	0	0	0	31	243	TRUE	954011	0.028565820713285	0.27015820927374	1815	516	10388	26910000	35
20220929 033220	binary	custom	TRUE	TRUE	FALSE	-100	-1	0	0	0	31	205	TRUE	954011	0.0460406649167443	0.318717164243971	2653	605	8442	26560000	36
20220929 033433	binary	custom	TRUE	TRUE	FALSE	-100	-1	0	0	0	31	302	TRUE	954011	0.00927793418111057	0.485239301789261	924	562	9296	26530000	37
20220929 033454	binary	custom	TRUE	TRUE	FALSE	-100	-1	0	0	0	31	56	TRUE	954011	0.0700663768186673	0.678358686360113	1995	588	7853	25580000	38
20220929 033543	binary	custom	TRUE	TRUE	FALSE	-100	-1	0	0	0	31	177	TRUE	954011	0.050603858724891	0.349190770034229	2278	732	10259	27330000	39
20220929 033629	binary	custom	TRUE	TRUE	FALSE	-100	-1	0	0	0	31	166	TRUE	954011	0.0483674538418845	0.607359656714939	2293	771	11941	25720000	40
20220929 033714	binary	custom	TRUE	TRUE	FALSE	-100	-1	0	0	0	31	178	TRUE	954011	0.0503333878461942	0.313138564484702	2228	987	8879	27210000	41
20220929 033751	binary	custom	TRUE	TRUE	FALSE	-100	-1	0	0	0	31	152	TRUE	954011	0.052372406804868	0.568709854151689	3090	1020	9028	26030000	42
20220929 033909	binary	custom	TRUE	TRUE	FALSE	-100	-1	0	0	0	31	319	TRUE	954011	0.0191156903719204	0.323822446803461	1806	998	9109	27150000	43
20220929 033941	binary	custom	TRUE	TRUE	FALSE	-100	-1	0	0	0	31	127	TRUE	954011	0.0651421164729822	0.288968832397506	2064	982	10001	26240000	44
20220929 034303	binary	custom	TRUE	TRUE	FALSE	-100	-1	0	0	0	31	916	TRUE	954011	0.00788082096480249	0.430195505507321	1953	393	10315	27130000	45
20220929 034405	binary	custom	TRUE	TRUE	FALSE	-100	-1	0	0	0	31	250	TRUE	954011	0.0397446860594239	0.426443113648216	2139	636	10365	26870000	46
20220929 034839	binary	custom	TRUE	TRUE	FALSE	-100	-1	0	0	0	31	1187	TRUE	954011	0.00522745046861685	0.34835001722244	2264	175	10277	26810000	47
20220929 034935	binary	custom	TRUE	TRUE	FALSE	-100	-1	0	0	0	31	260	TRUE	954011	0.0520437827097545	0.332191921010348	2245	147	10257	27330000	48
20220929 035054	binary	custom	TRUE	TRUE	FALSE	-100	-1	0	0	0	31	292	TRUE	954011	0.0204095834850865	0.39923166485629	1745	354	11102	26520000	49
20220929 035135	binary	custom	TRUE	TRUE	FALSE	-100	-1	0	0	0	31	209	TRUE	954011	0.0522178397695045	0.234348605299377	2038	440	7000	25760000	50
20220929 035227	binary	custom	TRUE	TRUE	FALSE	-100	-1	0	0	0	31	186	TRUE	954011	0.0324241395667174	0.340259299401769	1884	945	10369	26870000	51
20220929 035305	binary	custom	TRUE	TRUE	FALSE	-100	-1	0	0	0	31	82	TRUE	954011	0.110682316315634	0.999095159272819	383	747	5125	23750000	52
20220929 035346	binary	custom	TRUE	TRUE	FALSE	-100	-1	0	0	0	31	148	TRUE	954011	0.0540887723513142	0.461948830736787	2364	177	10651	26300000	53
20220929 035422	binary	custom	TRUE	TRUE	FALSE	-100	-1	0	0	0	31	133	TRUE	954011	0.0466788564312968	0.323723821658696	2286	291	9782	27080000	54
20220929 035548	binary	custom	TRUE	TRUE	FALSE	-100	-1	0	0	0	31	472	TRUE	954011	0.0322684772867623	0.34855920193513	2006	726	9084	26880000	55
20220929 035745	binary	custom	TRUE	TRUE	FALSE	-100	-1	0	0	0	31	550	TRUE	954011	0.0144016652222436	0.903141305592867	1447	726	10242	25840000	56
20220929 035824	binary	custom	TRUE	TRUE	FALSE	-100	-1	0	0	0	31	145	TRUE	954011	0.0488650585699473	0.299504205322479	2124	423	10201	26720000	57
20220929 035916	binary	custom	TRUE	TRUE	FALSE	-100	-1	0	0	0	31	177	TRUE	954011	0.0518880590932045	0.376848274723161	2276	995	8899	27490000	58
20220929 040501	binary	custom	TRUE	TRUE	FALSE	-100	-1	0	0	0	31	1475	TRUE	954011	0.00520374463613016	0.451317360957668	1666	852	9060	26840000	59
20220929 040828	binary	custom	TRUE	TRUE	FALSE	-100	-1	0	0	0	31	1152	TRUE	954011	0.00926017889191156	0.239621613269277	1864	875	10252	27340000	60
20220929 040950	binary	custom	TRUE	TRUE	FALSE	-100	-1	0	0	0	31	268	TRUE	954011	0.0208251965883716	0.738712226595855	873	437	6727	26150000	61
20220929 041143	binary	custom	TRUE	TRUE	FALSE	-100	-1	0	0	0	31	461	TRUE	954011	0.0135480791664877	0.253290380730646	1397	824	9827	26750000	62
20220929 041217	binary	custom	TRUE	TRUE	FALSE	-100	-1	0	0	0	31	118	TRUE	954011	0.0470592566008813	0.749606414021196	2240	1021	6051	25500000	63
20220929 041520	binary	custom	TRUE	TRUE	FALSE	-100	-1	0	0	0	31	945	TRUE	954011	0.00782971885218559	0.521167532865035	1737	17	9124	26960000	64
20220929 041815	binary	custom	TRUE	TRUE	FALSE	-100	-1	0	0	0	31	973	TRUE	954011	0.00886293518292134	0.23772620555372	1890	58	11998	26090000	65
20220929 041914	binary	custom	TRUE	TRUE	FALSE	-100	-1	0	0	0	31	288	TRUE	954011	0.0270291640699219	0.632856104795809	2044	163	8293	26780000	66
20220929 042008	binary	custom	TRUE	TRUE	FALSE	-100	-1	0	0	0	31	232	TRUE	954011	0.0436092783368846	0.553393563472851	1896	583	7952	26340000	67
20220929 042106	binary	custom	TRUE	TRUE	FALSE	-100	-1	0	0	0	31	282	TRUE	954011	0.0569405626225561	0.367425921647495	2213	138	8214	27180000	68
20220929 042507	binary	custom	TRUE	TRUE	FALSE	-100	-1	0	0	0	31	1200	TRUE	954011	0.00689055842673406	0.626344952943776	1430	509	8868	27070000	69
20220929 042630	binary	custom	TRUE	TRUE	FALSE	-100	-1	0	0	0	31	267	TRUE	954011	0.0399935388464186	0.823174958227044	454	734	10203	26400000	70
20220929 042705	binary	custom	TRUE	TRUE	FALSE	-100	-1	0	0	0	31	250	TRUE	954011	0.134137905652856	0.898904301809295	4218	213	8485	26550000	71
20220929 042716	binary	custom	TRUE	TRUE	FALSE	-100	-1	0	0	0	31	19	TRUE	954011	0.15582618471557	0.963227810557165	3856	782	8681	25280000	72
20220929 042738	binary	custom	TRUE	TRUE	FALSE	-100	-1	0	0	0	31	137	TRUE	954011	0.145098062542746	0.858528385943433	4978	70	10003	25600000	73
20220929 042900	binary	custom	TRUE	TRUE	FALSE	-100	-1	0	0	0	31	375	TRUE	954011	0.0171728406386547	0.272281094912648	2232	1023	9742	27320000	74
20220929 042921	binary	custom	TRUE	TRUE	FALSE	-100	-1	0	0	0	31	94	TRUE	954011	0.120186609515224	0.999509118937922	4537	84	9207	26470000	75
20220929 042937	binary	custom	TRUE	TRUE	FALSE	-100	-1	0	0	0	31	51	TRUE	954011	0.0999624555924819	0.91078103140419	4431	297	5859	24690000	76
20220929 043424	binary	custom	TRUE	TRUE	FALSE	-100	-1	0	0	0	31	1488	TRUE	954011	0.00507957394588776	0.286253451100197	2190	985	9378	26690000	77
20220929 043618	binary	custom	TRUE	TRUE	FALSE	-100	-1	0	0	0	31	726	TRUE	954011	0.0198624731111087	0.207240074549875	2265	974	10361	26640000	78
20220929 043829	binary	custom	TRUE	TRUE	FALSE	-100	-1	0	0	0	31	637	TRUE	954011	0.0101260139682903	0.253230800072476	2336	877	14332	23420000	79
20220929 043905	binary	custom	TRUE	TRUE	FALSE	-100	-1	0	0	0	31	156	TRUE	954011	0.0549119239673346	0.378129296089115	2757	184	9683	26720000	80
20220929 043919	binary	custom	TRUE	TRUE	FALSE	-100	-1	0	0	0	31	58	TRUE	954011	0.212852811230655	0.999550148817863	4155	129	7769	25110000	81
20220929 043938	binary	custom	TRUE	TRUE	FALSE	-100	-1	0	0	0	31	60	TRUE	954011	0.054265515274587	0.921506834411431	203	16	8342	26040000	82
20220929 044002	binary	custom	TRUE	TRUE	FALSE	-100	-1	0	0	0	31	99	TRUE	954011	0.0787546832509976	0.360852328952936	8000	1024	7567	25590000	83
20220929 044021	binary	custom	TRUE	TRUE	FALSE	-100	-1	0	0	0	31	93	TRUE	954011	0.240500353579159	0.274629080598023	4399	953	5006	22870000	84
20220929 044038	binary	custom	TRUE	TRUE	FALSE	-100	-1	0	0	0	31	92	TRUE	954011	0.130251421138849	0.999175506889789	7836	523	9946	26030000	85
20220929 044109	binary	custom	TRUE	TRUE	FALSE	-100	-1	0	0	0	31	91	TRUE	954011	0.0572480880885954	0.354209275807514	1632	1024	8765	27030000	86
20220929 044314	binary	custom	TRUE	TRUE	FALSE	-100	-1	0	0	0	31	882	TRUE	954011	0.0189054210064553	0.241220859039159	4073	1022	10278	27050000	87
20220929 044353	binary	custom	TRUE	TRUE	FALSE	-100	-1	0	0	0	31	157	TRUE	954011	0.0491761422266829	0.396610763600971	2578	779	8138	26290000	88
20220929 044535	binary	custom	TRUE	TRUE	FALSE	-100	-1	0	0	0	31	593	TRUE	954011	0.0251190218922229	0.6296482582659	5285	770	8702	27640000	89
20220929 044654	binary	custom	TRUE	TRUE	FALSE	-100	-1	0	0	0	31	473	TRUE	954011	0.0210003405418955	0.641465506392403	4802	946	9124	26480000	90
20220929 044802	binary	custom	TRUE	TRUE	FALSE	-100	-1	0	0	0	31	508	TRUE	954011	0.0322969257362149	0.61821245904091	5414	639	8303	2.7e+07	91
20220929 045056	binary	custom	TRUE	TRUE	FALSE	-100	-1	0	0	0	31	843	TRUE	954011	0.0103545285652773	0.516096918166429	2737	338	10373	26860000	92
20220929 045352	binary	custom	TRUE	TRUE	FALSE	-100	-1	0	0	0	31	1031	TRUE	954011	0.00601109215814709	0.629841812735179	6645	792	8409	26790000	93
20220929 045429	binary	custom	TRUE	TRUE	FALSE	-100	-1	0	0	0	31	221	TRUE	954011	0.0557425673871779	0.628542879211367	4230	695	9142	26520000	94
20220929 045531	binary	custom	TRUE	TRUE	FALSE	-100	-1	0	0	0	31	181	TRUE	954011	0.0241014337132627	0.626446004692419	1020	889	8454	26460000	95
20220929 045641	binary	custom	TRUE	TRUE	FALSE	-100	-1	0	0	0	31	400	TRUE	954011	0.0201163913213075	0.629997444431502	5295	357	8829	26830000	96
20220929 045823	binary	custom	TRUE	TRUE	FALSE	-100	-1	0	0	0	31	429	TRUE	954011	0.0193950943277068	0.443793721247022	2374	66	9324	27280000	97
20220929 045906	binary	custom	TRUE	TRUE	FALSE	-100	-1	0	0	0	31	245	TRUE	954011	0.0350835796686723	0.63390151920442	5201	757	7098	26210000	98
20220929 050024	binary	custom	TRUE	TRUE	FALSE	-100	-1	0	0	0	31	374	TRUE	954011	0.0248321981801053	0.457048660462943	4145	756	9306	26670000	99
20220929 050209	binary	custom	TRUE	TRUE	FALSE	-100	-1	0	0	0	31	673	TRUE	954011	0.0260676266991375	0.311346116824562	4411	1023	9751	26900000	100
20220929 050252	binary	custom	TRUE	TRUE	FALSE	-100	-1	0	0	0	31	115	TRUE	954011	0.0485316967863958	0.352326461867464	215	167	10228	26350000	101
20220929 050344	binary	custom	TRUE	TRUE	FALSE	-100	-1	0	0	0	31	303	TRUE	954011	0.0261462440643215	0.626978765381071	7211	652	8669	26110000	102
20220929 050436	binary	custom	TRUE	TRUE	FALSE	-100	-1	0	0	0	31	262	TRUE	954011	0.0493598931498358	0.367505126016396	4046	1024	9363	27040000	103
20220929 051013	binary	custom	TRUE	TRUE	FALSE	-100	-1	0	0	0	31	2096	TRUE	954011	0.00526373003989134	0.230193722924683	2786	410	10257	26690000	104
20220929 051038	binary	custom	TRUE	TRUE	FALSE	-100	-1	0	0	0	31	125	TRUE	954011	0.124999712567231	0.940851256532224	7186	19	9545	26030000	105
20220929 051223	binary	custom	TRUE	TRUE	FALSE	-100	-1	0	0	0	31	565	TRUE	954011	0.0153827282161406	0.821873917068099	714	54	8343	26680000	106
20220929 051301	binary	custom	TRUE	TRUE	FALSE	-100	-1	0	0	0	31	185	TRUE	954011	0.0582393284740791	0.872178383918409	1829	205	8880	26800000	107
20220929 051329	binary	custom	TRUE	TRUE	FALSE	-100	-1	0	0	0	31	115	TRUE	954011	0.109457335012923	0.37106270628497	2305	581	8832	26100000	108
20220929 051630	binary	custom	TRUE	TRUE	FALSE	-100	-1	0	0	0	31	1007	TRUE	954011	0.00577867866398429	0.873987990933867	4864	201	8366	26150000	109
20220929 051649	binary	custom	TRUE	TRUE	FALSE	-100	-1	0	0	0	31	45	TRUE	954011	0.0712150435591449	0.810377353019593	3442	238	8735	25650000	110
20220929 051726	binary	custom	TRUE	TRUE	FALSE	-100	-1	0	0	0	31	139	TRUE	954011	0.0439044875804608	0.322969748431807	3117	74	11362	26160000	111
20220929 052059	binary	custom	TRUE	TRUE	FALSE	-100	-1	0	0	0	31	767	TRUE	954011	0.0053757588239468	0.376633831825294	2000	35	8158	26810000	112
20220929 052116	binary	custom	TRUE	TRUE	FALSE	-100	-1	0	0	0	31	39	TRUE	954011	0.125132692370354	0.89593333051027	49	40	9561	24880000	113
20220929 052201	binary	custom	TRUE	TRUE	FALSE	-100	-1	0	0	0	31	242	TRUE	954011	0.0596111645977766	0.342804789217982	4726	31	8987	26350000	114
20220929 052218	binary	custom	TRUE	TRUE	FALSE	-100	-1	0	0	0	31	83	TRUE	954011	0.163481449286193	0.991825152511137	5177	19	11260	25880000	115
20220929 052240	binary	custom	TRUE	TRUE	FALSE	-100	-1	0	0	0	31	153	TRUE	954011	0.192351164891995	0.904942457157903	7413	298	8888	26550000	116
20220929 052314	binary	custom	TRUE	TRUE	FALSE	-100	-1	0	0	0	31	109	TRUE	954011	0.0495927839884838	0.368705446908831	2025	112	6427	26350000	117
20220929 052753	binary	custom	TRUE	TRUE	FALSE	-100	-1	0	0	0	31	994	TRUE	954011	0.00507889895948064	0.453453612316097	1679	287	9689	26550000	118
20220929 052951	binary	custom	TRUE	TRUE	FALSE	-100	-1	0	0	0	31	598	TRUE	954011	0.0188608292774854	0.42887696161021	2196	385	8949	26990000	119
20220929 053107	binary	custom	TRUE	TRUE	FALSE	-100	-1	0	0	0	31	349	TRUE	954011	0.0158595447165228	0.629054627199937	4225	757	8629	26030000	120